[cam_01]
name = "int_cam1_img"
size = [ 1280.0, 1024.0]
matrix = [ [ 1181.3318030371352, 0.0, 639.5], [ 0.0, 1179.8784030070908, 511.5], [ 0.0, 0.0, 1.0]]
distortions = [ -0.24456864895395247, 0.14337814933065524, -0.007016219789742005, -0.000880341137866858]
rotation = [ -1.310696065073678, 0.03414318123357157, 0.0602833941493254]
translation = [ -0.5592874408560772, 0.6254197091425124, 4.692829746447235]
fisheye = false

[cam_02]
name = "int_cam2_img"
size = [ 1280.0, 1024.0]
matrix = [ [ 1104.3387618342672, 0.0, 639.5], [ 0.0, 1105.490959406709, 511.5], [ 0.0, 0.0, 1.0]]
distortions = [ -0.21988047310009554, -0.014286549956074788, -0.008489131590640676, 0.0020331324735778492]
rotation = [ -1.196157160287017, 0.10927181559678334, 0.15121907470234222]
translation = [ -0.9187318649197661, 0.45106994290793795, 4.856937330446917]
fisheye = false

[cam_03]
name = "int_cam3_img"
size = [ 1280.0, 1024.0]
matrix = [ [ 1052.944630454824, 0.0, 639.5], [ 0.0, 1043.9450925108617, 511.5], [ 0.0, 0.0, 1.0]]
distortions = [ -0.15023429557822746, -0.0054333953321534295, -0.002786098279485114, -0.002863762993469769]
rotation = [ -1.2082472684106618, -0.09818819963845775, -0.04543199030484563]
translation = [ -0.7632231812550786, 0.5256074090704635, 4.522609509563592]
fisheye = false

[metadata]
adjusted = false
error = 0.0
