[cam_01]
name = "int_cam1_img"
size = [ 1280.0, 1024.0]
matrix = [ [ 1246.8284576402991, 0.0, 639.5], [ 0.0, 1247.1197878794974, 511.5], [ 0.0, 0.0, 1.0]]
distortions = [ -0.11632350783517344, -1.37813447373914, 0.11062729961140313, 0.0025231395744750563]
rotation = [ 0.0, 0.0, 0.0]
translation = [ 0.0, 0.0, 0.0]
fisheye = false

[cam_02]
name = "int_cam2_img"
size = [ 1280.0, 1024.0]
matrix = [ [ 1168.2654927625456, 0.0, 639.5], [ 0.0, 1159.0339357684422, 511.5], [ 0.0, 0.0, 1.0]]
distortions = [ -0.09104504319508887, 0.1303960383848224, 0.005841667615720605, 0.012402980388453244]
rotation = [ 0.0, 0.0, 0.0]
translation = [ 0.0, 0.0, 0.0]
fisheye = false

[cam_03]
name = "int_cam3_img"
size = [ 1280.0, 1024.0]
matrix = [ [ 1390.9849361542201, 0.0, 639.5], [ 0.0, 1356.2686404209253, 511.5], [ 0.0, 0.0, 1.0]]
distortions = [ -0.5150724482935684, 0.9182215964954094, 0.013365294822355085, 0.006835844513287387]
rotation = [ 0.0, 0.0, 0.0]
translation = [ 0.0, 0.0, 0.0]
fisheye = false

[metadata]
adjusted = false
error = 0.0
